# x0 y0 zi zf ux uy uz E deltaE deltaX
0.0 0.0 -10.0 -9.86668238741 0.0 0.0 1.0 2.447 0.01 0.133317612588
-0.0112027864223 -0.00168047747431 -9.86668238741 -9.73517300668 -0.167899034549 -0.0251857470885 0.985482416049 2.437 0.01 0.133446704472
-0.0275139693019 -0.000911167457479 -9.73517300668 -9.60207840768 -0.0764867127035 0.0366800411015 0.996395683132 2.427 0.01 0.133576049403
-0.0390981465046 -0.0056300181102 -9.60207840768 -9.46977610635 -0.0968662283306 -0.10723014978 0.98950423384 2.417 0.01 0.133705644514
-0.0554095018718 -0.0132420517092 -9.46977610635 -9.33739711615 -0.14698007007 -0.00662597739097 0.989117260706 2.407 0.01 0.133835486911
-0.0790078439758 -0.0152961169635 -9.33739711615 -9.20632941293 -0.205467227207 -0.0240460254811 0.978368543649 2.397 0.01 0.133965573674
-0.104521688304 -0.0238485151015 -9.20632941293 -9.07504114499 -0.175263772919 -0.103533788023 0.979062492714 2.387 0.01 0.13409590186
-0.11659311634 -0.0297114085949 -9.07504114499 -8.94083354906 -0.00477329386261 0.0160748451128 0.999859397626 2.377 0.01 0.134226468498
-0.115928255277 -0.0290160820356 -8.94083354906 -8.80649291755 0.0146655591893 -0.00570878352375 0.999876157914 2.367 0.01 0.134357270592
-0.115033985758 -0.0239875409783 -8.80649291755 -8.67244102454 -0.00135242590385 0.0804835682749 0.996755018137 2.357 0.01 0.134488305119
-0.119144150534 -0.0216961560127 -8.67244102454 -8.53820668617 -0.0597122999299 -0.0463627153227 0.997138375485 2.347 0.01 0.134619569032
-0.128473534055 -0.0361222480844 -8.53820668617 -8.40579140786 -0.0788143931388 -0.167797236717 0.982665954831 2.337 0.01 0.134751059255
-0.144289406984 -0.0627425172791 -8.40579140786 -8.27612373651 -0.155775437296 -0.227083729017 0.961336045902 2.327 0.01 0.134882772686
-0.166982389945 -0.0845850324116 -8.27612373651 -8.14397075527 -0.180532504264 -0.0966957424931 0.978804346276 2.317 0.01 0.135014706198
-0.198960934678 -0.0955803133965 -8.14397075527 -8.01505971302 -0.292885439074 -0.0661148540857 0.953858975765 2.307 0.01 0.135146856634
-0.248230502185 -0.109935535647 -8.01505971302 -7.89492009202 -0.43581407562 -0.146180837507 0.888086287608 2.297 0.01 0.135279220811
-0.317844868025 -0.125108605484 -7.89492009202 -7.78637980793 -0.592800226914 -0.0780649118258 0.801557084999 2.287 0.01 0.13541179552
-0.391353743067 -0.14117530252 -7.78637980793 -7.67039525844 -0.492425504528 -0.159080389563 0.855693024482 2.277 0.01 0.135544577523
-0.455994286213 -0.174875190157 -7.67039525844 -7.559054979 -0.460912458045 -0.337839874751 0.820624107035 2.267 0.01 0.135677563554
-0.51471465555 -0.218203050748 -7.559054979 -7.44173563634 -0.404277711636 -0.300553748559 0.863844300844 2.257 0.01 0.135810750321
-0.573027001796 -0.255710959826 -7.44173563634 -7.32553728038 -0.454005855884 -0.25155471532 0.854750787086 2.247 0.01 0.135944134501
-0.62952434004 -0.292925718143 -7.32553728038 -7.2060828156 -0.376808533281 -0.295655532193 0.877840039831 2.237 0.01 0.136077712744
-0.684354711965 -0.337068684887 -7.2060828156 -7.09278880471 -0.428638612421 -0.352788210775 0.831750815016 2.227 0.01 0.136211481673
-0.736601430072 -0.397044023442 -7.09278880471 -6.98651097794 -0.338169992559 -0.527314102481 0.779474754856 2.217 0.01 0.136345437881
-0.773770292076 -0.463557990722 -6.98651097794 -6.8677980997 -0.206842582025 -0.447913624021 0.869821551629 2.207 0.01 0.136479577932
-0.806010774668 -0.531472654699 -6.8677980997 -6.75931133315 -0.265354969927 -0.546783793555 0.794112223203 2.197 0.01 0.13661389836
-0.839119981272 -0.605595159414 -6.75931133315 -6.64798763873 -0.219141410543 -0.537825277353 0.814076785829 2.187 0.01 0.136748395674
-0.872052368435 -0.68361355724 -6.64798763873 -6.54481917471 -0.262249662922 -0.602631530856 0.753697785797 2.177 0.01 0.136883066348
-0.912582699016 -0.77622307861 -6.54481917471 -6.46620013424 -0.329614750341 -0.749748651801 0.573786611451 2.167 0.01 0.137017906831
-0.953152946736 -0.876758868482 -6.46620013424 -6.37762651741 -0.262315771205 -0.717028798632 0.645801934117 2.157 0.01 0.13715291354
-0.982500719718 -0.97934990334 -6.37762651741 -6.29445664544 -0.16547811872 -0.778213801699 0.605805472961 2.147 0.01 0.137288082862
-0.991667002578 -1.08892013744 -6.29445664544 -6.21537157336 0.031913106483 -0.817189635782 0.575484711183 2.137 0.01 0.137423411157
-0.98999244321 -1.19530286602 -6.21537157336 -6.12141272326 -0.00753487602072 -0.730337867523 0.683044526297 2.127 0.01 0.137558894751
-0.985756427668 -1.3010794883 -6.12141272326 -6.04061262577 0.0690551782024 -0.806776963054 0.586806879858 2.117 0.01 0.137694529941
-0.971754893651 -1.41200917562 -6.04061262577 -5.96070629893 0.134183455945 -0.803673716982 0.579744216687 2.107 0.01 0.137830312995
-0.950583254538 -1.5220162959 -5.96070629893 -5.87988706567 0.172859175315 -0.791814290781 0.585789923457 2.097 0.01 0.137966240148
-0.926733499797 -1.63472983904 -5.87988706567 -5.80914249232 0.172703696277 -0.841285331816 0.512262065512 2.087 0.01 0.138102307607
-0.909371964454 -1.75634936989 -5.80914249232 -5.75577068531 0.0786487902451 -0.919104340791 0.386084936941 2.077 0.01 0.138238511544
-0.899798313246 -1.87982424103 -5.75577068531 -5.68718117245 0.0598014077896 -0.866444501307 0.495679047147 2.067 0.01 0.138374848104
-0.88780545947 -2.00204306887 -5.68718117245 -5.62863659778 0.113425368989 -0.899157811495 0.422669984381 2.057 0.01 0.138511313399
-0.873605935275 -2.12308714909 -5.62863659778 -5.55621072807 0.0915149182838 -0.847792343287 0.522372627916 2.047 0.01 0.138647903508
-0.851438190674 -2.23864517925 -5.55621072807 -5.48299079677 0.228030590847 -0.818328672375 0.527579599309 2.037 0.01 0.138784614482
-0.820634460771 -2.35260859811 -5.48299079677 -5.41002240086 0.215663771282 -0.823166002969 0.525249340135 2.027 0.01 0.138921442336
-0.791025572995 -2.4699136421 -5.41002240086 -5.3466185574 0.210396904826 -0.864778353615 0.455951249102 2.017 0.01 0.139058383057
-0.761368728057 -2.59229653818 -5.3466185574 -5.29213026563 0.215928324157 -0.894505734042 0.391451721919 2.007 0.01 0.1391954326
-0.739544272704 -2.72099462884 -5.29213026563 -5.25250239995 0.0975556001106 -0.95372569209 0.28441204112 1.997 0.01 0.139332587764
-0.729353913792 -2.85225551051 -5.25250239995 -5.2015113339 0.048670330032 -0.929496195809 0.36560637433 1.987 0.01 0.13946984962
-0.718280292134 -2.97965838306 -5.2015113339 -5.14161993149 0.110017229359 -0.896580055992 0.4289993152 1.977 0.01 0.139607221475
-0.693148501394 -3.10667655531 -5.14161993149 -5.10034660213 0.249772478602 -0.922162256198 0.295348069532 1.967 0.01 0.13974470674
-0.654754923634 -3.23547870928 -5.10034660213 -5.06513758553 0.299414372627 -0.920323770305 0.251704571424 1.957 0.01 0.139882308851
-0.604405465742 -3.36256245419 -5.06513758553 -5.04480371479 0.420055198553 -0.895803798913 0.145221155558 1.947 0.01 0.140020031273
-0.550486601523 -3.48978557457 -5.04480371479 -5.069217791 0.349759765747 -0.920503129267 -0.174189825404 1.937 0.01 0.140157877496
-0.501253714292 -3.6198557868 -5.069217791 -5.07589025103 0.352428013351 -0.934629632003 -0.0475599241728 1.927 0.01 0.140295851037
-0.467844406566 -3.75463348648 -5.07589025103 -5.05986666181 0.123719561507 -0.985735531661 0.114100533396 1.917 0.01 0.140433955441
-0.458235542888 -3.8941008168 -5.05986666181 -5.06384060926 0.0131128348538 -0.999514318115 -0.028269797416 1.907 0.01 0.140572194281
-0.458330757553 -4.03278450508 -5.06384060926 -5.09645538031 -0.0144532801029 -0.972659371054 -0.23178621744 1.897 0.01 0.140710571156
-0.46467298883 -4.16718804233 -5.09645538031 -5.14457927652 -0.0756180482127 -0.93677296148 -0.341669912964 1.887 0.01 0.140849089694
-0.480646448316 -4.3000994152 -5.14457927652 -5.1833142545 -0.151049897463 -0.949579828598 -0.274740018193 1.877 0.01 0.140987753549
-0.494153373947 -4.43501877822 -5.1833142545 -5.22071750877 -0.0405144523112 -0.963387706995 -0.265033403865 1.867 0.01 0.141126566404
-0.50847423477 -4.56755918262 -5.22071750877 -5.27323561429 -0.162276358449 -0.914031949578 -0.371768716596 1.857 0.01 0.14126553197
-0.535763761983 -4.69808865335 -5.27323561429 -5.31305611354 -0.22386107834 -0.933050844829 -0.281606709026 1.847 0.01 0.141404653987
-0.562239855078 -4.83144433494 -5.31305611354 -5.35070161754 -0.150463442189 -0.952168174183 -0.265963382137 1.837 0.01 0.141543936221
-0.573037787226 -4.96604086953 -5.35070161754 -5.39548449808 -0.00210805549121 -0.948731146174 -0.31607715574 1.827 0.01 0.141683382469
-0.571527127841 -5.10277465766 -5.39548449808 -5.42320371856 0.0234094278269 -0.980434356939 -0.1954494063 1.817 0.01 0.141822996555
-0.576524509563 -5.24280919534 -5.42320371856 -5.43265062908 -0.0937904880893 -0.993365547003 -0.0665449800572 1.807 0.01 0.141962782333
-0.594708321724 -5.37884848152 -5.43265062908 -5.48250693597 -0.1622267458 -0.922273786214 -0.350846898532 1.797 0.01 0.142102743684
-0.609662645189 -5.5112002447 -5.48250693597 -5.53072324341 -0.0481977096804 -0.939561169336 -0.338971665271 1.787 0.01 0.14224288452
-0.618996245409 -5.64744231914 -5.53072324341 -5.56000475034 -0.0829551411893 -0.975102746609 -0.205652809622 1.777 0.01 0.142383208781
-0.63039394571 -5.78736048047 -5.56000475034 -5.57766568991 -0.0770677426983 -0.989295425918 -0.123915791136 1.767 0.01 0.142523720438
-0.648730423828 -5.92699341572 -5.57766568991 -5.60164960504 -0.180065738837 -0.969182101647 -0.168114197926 1.757 0.01 0.142664423482
-0.677572287027 -6.06480295205 -5.60164960504 -5.6241067766 -0.224044536664 -0.961807778828 -0.157257248408 1.747 0.01 0.142805319226
-0.718089162101 -6.2004619847 -5.6241067766 -5.6331481034 -0.343058657243 -0.937182065637 -0.0632497710528 1.737 0.01 0.142946395706
-0.764602354306 -6.33515981489 -5.6331481034 -5.61906960138 -0.307415704802 -0.946474955537 0.098390766748 1.727 0.01 0.143087633959
-0.807656015062 -6.46807078979 -5.61906960138 -5.57737902322 -0.294074044815 -0.910381797483 0.291076345618 1.717 0.01 0.143229014638
-0.846783388333 -6.60263104451 -5.57737902322 -5.57939977272 -0.252037945563 -0.967614704501 -0.0140945957792 1.707 0.01 0.143370518243
-0.892837013322 -6.73213017534 -5.57939977272 -5.63415140428 -0.390018885587 -0.838053508835 -0.381512234686 1.697 0.01 0.143512125116
-0.936150440789 -6.85553938999 -5.63415140428 -5.69483445897 -0.21339089207 -0.880920488585 -0.422425638393 1.687 0.01 0.143653815447
-0.956850902589 -6.97962677505 -5.69483445897 -5.7707851482 -0.0747346237997 -0.845833995114 -0.528185184112 1.677 0.01 0.143795569267
-0.979014004311 -7.0910606742 -5.7707851482 -5.86743248067 -0.233293803397 -0.703365776178 -0.671454083462 1.667 0.01 0.14393736645
-1.00974840993 -7.20050021113 -5.86743248067 -5.94580468785 -0.193567969077 -0.816484733572 -0.543952315181 1.657 0.01 0.144079186714
-1.03391385156 -7.32659008283 -5.94580468785 -5.99355901573 -0.141739180519 -0.932882715133 -0.331119079053 1.647 0.01 0.144221009617
-1.06487261829 -7.45709764923 -5.99355901573 -6.04945847389 -0.287302279709 -0.876083263908 -0.387215075602 1.637 0.01 0.14436281456
-1.11064040011 -7.5844504389 -6.04945847389 -6.09341541883 -0.346423605711 -0.88738871018 -0.304190667922 1.627 0.01 0.144504580785
-1.16705563281 -7.71267974498 -6.09341541883 -6.11665889868 -0.433959755357 -0.886485791955 -0.160691852292 1.617 0.01 0.144646287376
-1.24021463303 -7.83246363035 -6.11665889868 -6.15649090495 -0.577032509643 -0.768993002351 -0.275105879892 1.607 0.01 0.144787913254
-1.33231759457 -7.93942046141 -6.15649090495 -6.17523168531 -0.69453516207 -0.707742829808 -0.12930968836 1.597 0.01 0.144929437185
-1.42604181874 -8.04663461123 -6.17523168531 -6.20687673188 -0.598258475154 -0.771040764442 -0.218135133515 1.587 0.01 0.145070837772
-1.51976384808 -8.15023478384 -6.20687673188 -6.250058327 -0.693153015626 -0.656590049003 -0.297369138411 1.577 0.01 0.145212093461
-1.60961616729 -8.24859346147 -6.250058327 -6.31789772655 -0.543850754067 -0.697422223083 -0.466721115926 1.567 0.01 0.145353182536
-1.69057135012 -8.34498603213 -6.31789772655 -6.39501125884 -0.569507198915 -0.628290853253 -0.530011466011 1.557 0.01 0.145494083122
-1.76282292745 -8.43718913116 -6.39501125884 -6.48861569655 -0.423272722393 -0.638539782775 -0.64273411944 1.547 0.01 0.145634773187
-1.81775739907 -8.5286513338 -6.48861569655 -6.59271731875 -0.330822432075 -0.616914193935 -0.714124215916 1.537 0.01 0.145775230535
-1.86069402245 -8.60937994712 -6.59271731875 -6.71419961599 -0.258009243739 -0.490190903152 -0.832552766263 1.527 0.01 0.145915432817
-1.89873175689 -8.69255288035 -6.71419961599 -6.81843364673 -0.263105298331 -0.649202126287 -0.713661124915 1.517 0.01 0.14605535752
-1.94035492946 -8.77479337877 -6.81843364673 -6.93889754954 -0.306565971754 -0.47649753261 -0.823994785408 1.507 0.01 0.146194981979
-1.98499337377 -8.85202575199 -6.93889754954 -7.04955731511 -0.303814530632 -0.579516950879 -0.756212162439 1.497 0.01 0.146334284309
-2.00492743241 -8.93575458312 -7.04955731511 -7.17039431376 0.0313392699071 -0.564297342058 -0.82497658143 1.487 0.01 0.14647324708
-2.00845554446 -9.01102370858 -7.17039431376 -7.29982068091 -0.0794382467973 -0.46301703803 -0.882782412285 1.477 0.01 0.146611855141
-2.02955278954 -9.07950396289 -7.29982068091 -7.42564127592 -0.208162739287 -0.470709899611 -0.857379999988 1.467 0.01 0.146750093325
-2.04233469946 -9.15251207449 -7.42564127592 -7.5506674365 0.0339311814637 -0.52379724413 -0.851166917806 1.457 0.01 0.14688794637
-2.03666772071 -9.22842243072 -7.5506674365 -7.67703575234 0.0431889726925 -0.509307993818 -0.859499901146 1.447 0.01 0.147025398921
-2.0211981363 -9.29919254901 -7.67703575234 -7.80591058856 0.167089466814 -0.452962234352 -0.875731879248 1.437 0.01 0.147162435527
-1.98608286854 -9.35589313222 -7.80591058856 -7.93792974102 0.309854310223 -0.317328209391 -0.896266207084 1.427 0.01 0.147299040648
-1.9428263878 -9.39546118523 -7.93792974102 -8.07583286433 0.277218189457 -0.219716631471 -0.935347356488 1.417 0.01 0.147435198648
-1.90766695948 -9.43638067434 -8.07583286433 -8.21171967554 0.199545703399 -0.335059385638 -0.920823935587 1.407 0.01 0.147570893802
-1.90124658459 -9.49788192017 -8.21171967554 -8.33872605424 -0.112428578567 -0.497998887824 -0.859858664228 1.397 0.01 0.147706110292
-1.9162537828 -9.56444220404 -8.33872605424 -8.47337142326 -0.0906921869329 -0.402886592234 -0.910745475436 1.387 0.01 0.147840832211
-1.93062038236 -9.62327581287 -8.47337142326 -8.60859591176 -0.10356604973 -0.392661675734 -0.913833071055 1.377 0.01 0.147975043564
-1.95573241647 -9.69786162656 -8.60859591176 -8.72006328097 -0.23563012056 -0.614869223946 -0.752604998474 1.367 0.01 0.148108728264
-1.98368968265 -9.78331931513 -8.72006328097 -8.84318237225 -0.141765985855 -0.53863242726 -0.830528454394 1.357 0.01 0.14824187014
-1.9968998018 -9.87286737823 -8.84318237225 -8.95334386305 -0.0364252964809 -0.668903884086 -0.742455918982 1.347 0.01 0.148374452932
-2.0010496575 -9.95111666478 -8.95334386305 -9.09034089676 -0.0194949631174 -0.385507304657 -0.92249881543 1.337 0.01 0.148506460296
-2.01103303885 -9.98907808181 -9.09034089676 -9.23680971537 -0.11485386642 -0.125624163562 -0.985407103129 1.327 0.01 0.148637875801
-2.03853318721 -10.0113340464 -9.23680971537 -9.37832247798 -0.254950579891 -0.173688573264 -0.95122682959 1.317 0.01 0.148768682934
-2.07960790304 -10.0306080353 -9.37832247798 -9.51993422932 -0.296985270204 -0.0853502655537 -0.951059977842 1.307 0.01 0.148898865098
-2.1207543049 -10.027882594 -9.51993422932 -9.66286855211 -0.255468303924 0.121852208539 -0.959107911011 1.297 0.01 0.149028405616
-2.15351132076 -10.0065892065 -9.66286855211 -9.80743043701 -0.183980267656 0.163768965019 -0.96919089307 1.287 0.01 0.14915728773
-2.18960398789 -9.99200968602 -9.80743043701 -9.94977439962 -0.299716570932 0.0316956871372 -0.953501631108 1.277 0.01 0.149285494601
-2.2365854402 -9.98494408278 -9.94977439962 -10.0905342336 -0.329419561954 0.0629095162882 -0.942085529537 1.267 0.01 0.149413009316
-2.28587666406 -9.97575958379 -10.0905342336 -10.2314065533 -0.330098574019 0.0599806669699 -0.942038879782 1.257 0.01 0.149539814847
-2.32359392483 -9.97933545991 -10.2314065533 -10.3778997308 -0.174198965994 -0.107714930423 -0.978801417046 1.247 0.01 0.149665882118
-2.34239001489 -10.004044399 -10.3778997308 -10.5234881656 -0.0769106871112 -0.222287058014 -0.971943007613 1.237 0.01 0.149791123202
-2.35798893253 -10.0106501468 -10.5234881656 -10.6707431293 -0.131255992169 0.133976428535 -0.982253623621 1.227 0.01 0.149915419133
-2.34970919442 -9.98799380371 -10.6707431293 -10.8141379096 0.241516259359 0.168140368778 -0.955718950765 1.217 0.01 0.15003864919
-2.29768901183 -9.94074746594 -10.8141379096 -10.9288255255 0.451540219967 0.461273325498 -0.763765899302 1.207 0.01 0.150160691923
-2.23879168898 -9.868911005 -10.9288255255 -11.0494442661 0.332649585826 0.495123067171 -0.802619088612 1.197 0.01 0.150281425172
-2.21349795006 -9.79900812741 -11.0494442661 -11.1848810785 0.00396556593199 0.434824729311 -0.900506373696 1.187 0.01 0.150400726089
-2.21851713301 -9.73814017943 -11.1848810785 -11.3240527272 -0.0706543841757 0.374292540354 -0.924615083282 1.177 0.01 0.150518471152
-2.25108777903 -9.68514109508 -11.3240527272 -11.45540594 -0.361845985273 0.329673586361 -0.871999317315 1.167 0.01 0.150634536194
-2.29446889275 -9.6148890126 -11.45540594 -11.5713030792 -0.213970035083 0.602617993118 -0.768809715376 1.157 0.01 0.150748796422
-2.33769865929 -9.51415121537 -11.5713030792 -11.6583758252 -0.35929605658 0.733334424252 -0.577171522108 1.147 0.01 0.15086112645
-2.38617010142 -9.39195056449 -11.6583758252 -11.7137961941 -0.283093859792 0.886059506446 -0.367091838079 1.137 0.01 0.150971400324
-2.45212368787 -9.27879739214 -11.7137961941 -11.793238138 -0.590206490265 0.612503386661 -0.525828774581 1.127 0.01 0.151079491555
-2.53975645911 -9.19889574381 -11.793238138 -11.8977341743 -0.569483020618 0.444928232964 -0.691178672081 1.117 0.01 0.151185273153
-2.6161752434 -9.12533601575 -11.8977341743 -12.0075409258 -0.441144374116 0.527818026971 -0.725809735117 1.107 0.01 0.15128861766
-2.69251093638 -9.03723171754 -12.0075409258 -12.0865987499 -0.567617448858 0.636476124083 -0.522215066063 1.097 0.01 0.151389397194
-2.77001069724 -8.92555233761 -12.0865987499 -12.1318565168 -0.455933762295 0.838373046964 -0.298755817557 1.087 0.01 0.151487483482
-2.84467962838 -8.80149772488 -12.1318565168 -12.175070032 -0.529543138028 0.798944497394 -0.285082014605 1.077 0.01 0.15158274791
-2.94757110803 -8.70303557275 -12.175070032 -12.2138429267 -0.827514780699 0.499871904715 -0.255631309899 1.067 0.01 0.15167506156
-3.06005027765 -8.6241230513 -12.2138429267 -12.2939550863 -0.655259419046 0.540357274638 -0.527872247326 1.057 0.01 0.151764295265
-3.15695097795 -8.52540030919 -12.2939550863 -12.3227531582 -0.621377794043 0.760212711591 -0.189647752967 1.047 0.01 0.151850319653
-3.24615558832 -8.40785560716 -12.3227531582 -12.3640137411 -0.553222810094 0.787523821033 -0.271570899946 1.037 0.01 0.151933005201
-3.32275580753 -8.29324732822 -12.3640137411 -12.4435227243 -0.454882070032 0.720768997627 -0.523043358072 1.027 0.01 0.152012222287
-3.37735747884 -8.18674302472 -12.4435227243 -12.5475699063 -0.263372192878 0.680152397893 -0.684125575943 1.017 0.01 0.152087841249
-3.42447935178 -8.06957370301 -12.5475699063 -12.6030906027 -0.356126004843 0.860252126805 -0.364884292622 1.007 0.01 0.152159732504
-3.47253487294 -7.94390051887 -12.6030906027 -12.6862014065 -0.275396530576 0.791252611093 -0.545963420373 0.997 0.01 0.152227788047
-3.5094673162 -7.83312784171 -12.6862014065 -12.7955285705 -0.209741028314 0.663821579318 -0.717878549529 0.987 0.01 0.15229200542
-3.55911034042 -7.74534135668 -12.7955285705 -12.9101105002 -0.442028809965 0.488854997936 -0.752084650923 0.977 0.01 0.15235243745
-3.63868594361 -7.70559336836 -12.9101105002 -13.0316622822 -0.602372272561 0.0329227379014 -0.797536042182 0.967 0.01 0.152409139561
-3.72072442732 -7.68763810873 -13.0316622822 -13.162304563 -0.474018759203 0.202625959791 -0.856883268796 0.957 0.01 0.152462167916
-3.7848378556 -7.63323301515 -13.162304563 -13.2808688226 -0.366902822298 0.510894938964 -0.777411525726 0.947 0.01 0.15251157939
-3.83970272567 -7.55080788138 -13.2808688226 -13.394116031 -0.3524758557 0.569837028704 -0.742325085031 0.937 0.01 0.152557431543
-3.8944047279 -7.47193415613 -13.394116031 -13.5173116464 -0.364556176202 0.464054245748 -0.807311867494 0.927 0.01 0.152599782587
-3.94234747604 -7.38877500062 -13.5173116464 -13.6293705505 -0.263722799863 0.625684963317 -0.734144816444 0.917 0.01 0.152638691365
-3.97948403892 -7.2884962886 -13.6293705505 -13.7348023223 -0.222819696242 0.688090575779 -0.690566971763 0.907 0.01 0.15267421722
-4.0169348645 -7.17045163798 -13.7348023223 -13.8017164695 -0.26772180052 0.858088617775 -0.438188271832 0.897 0.01 0.152706385436
-4.06481734643 -7.05169445685 -13.8017164695 -13.8964699547 -0.359329011996 0.69714678802 -0.620378124285 0.887 0.01 0.152735052192
-4.11337718661 -6.97063505368 -13.8964699547 -14.0323220335 -0.276496130196 0.364231869754 -0.889317173478 0.877 0.01 0.152759985914
-4.15579143552 -6.9221975584 -14.0323220335 -14.1731329359 -0.278771353554 0.269895786388 -0.921652210396 0.867 0.01 0.152780952298
-4.21645238308 -6.88408269308 -14.1731329359 -14.2993230523 -0.515262554896 0.229026951323 -0.825863884118 0.857 0.01 0.152797717383
-4.29947040627 -6.83485428569 -14.2993230523 -14.4074956068 -0.571330913587 0.415300043101 -0.7078890177 0.847 0.01 0.152810047672
-4.37083852711 -6.76088582482 -14.4074956068 -14.5221456502 -0.362727182938 0.552782149437 -0.750240552104 0.837 0.01 0.152817710266
-4.43492817662 -6.68255979645 -14.5221456502 -14.6355134602 -0.476036751146 0.472300294488 -0.74183653414 0.827 0.01 0.152820473001
-4.46642956187 -6.59526405655 -14.6355134602 -14.7485165858 0.0637711807901 0.670171414944 -0.739461635985 0.817 0.01 0.152818104592
-4.46435478894 -6.48083935985 -14.7485165858 -14.8341546071 -0.036619536606 0.827398455852 -0.56042020377 0.807 0.01 0.152810374641
-4.48627237725 -6.35314294151 -14.8341546071 -14.9066430291 -0.250262314948 0.843981012428 -0.474409974998 0.797 0.01 0.152797002261
-4.48823627614 -6.21488606804 -14.9066430291 -14.9264142885 0.224585058678 0.965822988983 -0.129412153105 0.787 0.01 0.152777455039
-4.47933120447 -6.0662501114 -14.9264142885 -14.9010030171 -0.108027984395 0.980130179772 0.166357402264 0.777 0.01 0.152751071338
-4.51055306484 -5.93500820532 -14.9010030171 -14.8088333497 -0.300832742257 0.738409859392 0.603531723059 0.767 0.01 0.152717187762
-4.57255777556 -5.84933800389 -14.8088333497 -14.6914259897 -0.511328097839 0.383641528847 0.769001140249 0.757 0.01 0.152675144187
-4.64324660846 -5.81929103068 -14.6914259897 -14.5525604842 -0.414813245221 0.00996840497595 0.90985196735 0.747 0.01 0.152624284438
-4.6902634711 -5.75894229709 -14.5525604842 -14.4623999666 -0.201378826005 0.781154663505 0.590968662554 0.737 0.01 0.152563957023
-4.72298558294 -5.65074494309 -14.4623999666 -14.3501624892 -0.227688849126 0.637526526292 0.736014752745 0.727 0.01 0.152493515914
-4.77009940221 -5.56755718912 -14.3501624892 -14.2280731163 -0.390431461542 0.453748396593 0.801046606901 0.717 0.01 0.152412321388
-4.81277060306 -5.47820331884 -14.2280731163 -14.1254455631 -0.169615810262 0.719216651408 0.673763968498 0.707 0.01 0.152319741078
-4.79935721362 -5.38139884558 -14.1254455631 -14.0099883692 0.345974718343 0.552231614512 0.758512846431 0.697 0.01 0.152215212224
-4.70947462375 -5.31505847998 -14.0099883692 -13.9420566295 0.835659655084 0.319678923287 0.446629966382 0.687 0.01 0.152098481466
-4.57436016086 -5.26997259066 -13.9420566295 -13.9123373862 0.941810034669 0.273404276062 0.19556063108 0.677 0.01 0.151969458775
-4.42729240763 -5.25238053115 -13.9123373862 -13.8979329858 0.99460626118 -0.041922294112 0.0948731072411 0.667 0.01 0.151828066156
-4.27840367841 -5.23825415223 -13.8979329858 -13.8816312306 0.967654892636 0.228237440902 0.107478738959 0.657 0.01 0.151674232542
-4.1434532574 -5.17695116671 -13.8816312306 -13.8744832774 0.812713619289 0.58075015153 0.0471787507251 0.647 0.01 0.151507893929
-4.03535107603 -5.07457381334 -13.8744832774 -13.8499132047 0.615029755603 0.771606760046 0.162361964679 0.637 0.01 0.151328993519
-3.95015380585 -4.95228847818 -13.8499132047 -13.8729311322 0.511605099699 0.845615491067 -0.152297942301 0.627 0.01 0.151137481837
-3.87292112307 -4.8269632619 -13.8729311322 -13.8312336691 0.511104245977 0.813910667297 0.276264140641 0.617 0.01 0.150933316849
-3.78426929993 -4.72111176738 -13.8312336691 -13.7620404149 0.664565669619 0.589562351883 0.459095528191 0.607 0.01 0.150716463036
-3.67003464454 -4.63752187249 -13.7620404149 -13.7550638259 0.852623289879 0.520465421904 0.0463602217197 0.597 0.01 0.150486533887
-3.55226880858 -4.54908467131 -13.7550638259 -13.7181414542 0.713673763682 0.655953434584 0.245753638203 0.587 0.01 0.150241404084
-3.4485815479 -4.45871359151 -13.7181414542 -13.7936917038 0.667772071976 0.5480187153 -0.503741945415 0.577 0.01 0.149978079705
-3.34189352498 -4.37858277051 -13.7936917038 -13.8527953621 0.756377553266 0.521537671921 -0.39483091784 0.567 0.01 0.149693591943
-3.2133648376 -4.3196396272 -13.8527953621 -13.8462507775 0.962830712122 0.266528963492 0.0438101747786 0.557 0.01 0.149385037402
-3.0680393328 -4.29770810561 -13.8462507775 -13.8208753569 0.985027085229 0.0271559739683 0.170247450621 0.547 0.01 0.149050223967
-2.92504938409 -4.3047262856 -13.8208753569 -13.7717241914 0.935915354335 -0.12162180612 0.330561016753 0.537 0.01 0.148690144996
-2.80495471773 -4.31254867678 -13.7717241914 -13.6631769911 0.681206279997 0.0164467947376 0.731906761162 0.527 0.01 0.148307415748
-2.69357579798 -4.33679979553 -13.6631769911 -13.5963743095 0.823029380105 -0.344420604945 0.451660366175 0.517 0.01 0.147904679304
-2.59790611382 -4.3794085503 -13.5963743095 -13.4709495864 0.471978086144 -0.232404630322 0.850426230784 0.507 0.01 0.147484541848
-2.56731766572 -4.45127856227 -13.4709495864 -13.37312407 -0.0573454979932 -0.744406464973 0.665259730306 0.497 0.01 0.147048606724
-2.56490946274 -4.57199427562 -13.37312407 -13.3106838793 0.090378887893 -0.900225820827 0.425940287058 0.487 0.01 0.146593765842
-2.53739628729 -4.70786864955 -13.3106838793 -13.3026015114 0.285921962577 -0.956655033008 0.0553152703727 0.477 0.01 0.14611458662
-2.48954929975 -4.8422398443 -13.3026015114 -13.2618209672 0.370291795472 -0.885687248327 0.280075140556 0.467 0.01 0.145605726011
-2.41000802914 -4.95434186437 -13.2618209672 -13.2316231418 0.724972156459 -0.656566730791 0.208171804955 0.457 0.01 0.145062033872
-2.32841060592 -5.0475319995 -13.2316231418 -13.1357021089 0.401642173765 -0.630799523518 0.663909274964 0.447 0.01 0.144479127689
-2.32742443508 -5.15464870713 -13.1357021089 -13.0867180364 -0.389672652477 -0.855692118298 0.340508770216 0.437 0.01 0.143855538383
-2.364488782 -5.28544626471 -13.0867180364 -13.0551718278 -0.126209632267 -0.967230826053 0.220308097574 0.427 0.01 0.143191326271
-2.43341992003 -5.38797597836 -13.0551718278 -13.0161526584 -0.840711146536 -0.467133883804 0.273844303743 0.417 0.01 0.142486693461
-2.55346520567 -5.43047592463 -13.0161526584 -13.0888064169 -0.848728504699 -0.130092270307 -0.512577727294 0.407 0.01 0.141741934193
-2.65710878398 -5.46156401277 -13.0888064169 -13.1907340305 -0.617116198894 -0.310284003141 -0.723112324924 0.397 0.01 0.140956819663
-2.70528860195 -5.51500031691 -13.1907340305 -13.3154814805 -0.0668880042462 -0.450558404705 -0.890237675476 0.387 0.01 0.140128252741
-2.67443633552 -5.59011695139 -13.3154814805 -13.3976589817 0.510423528608 -0.625465967053 -0.590135700921 0.377 0.01 0.139251872268
-2.59318880057 -5.68476363549 -13.3976589817 -13.4158855777 0.66089672457 -0.738818500226 -0.131767762276 0.367 0.01 0.138323635914
-2.53378687485 -5.77444682108 -13.4158855777 -13.5261443054 0.199404639691 -0.561892860389 -0.80281641931 0.357 0.01 0.137339901253
-2.48564277423 -5.86980934007 -13.5261443054 -13.495568762 0.505526212576 -0.833138396479 0.224329357666 0.347 0.01 0.136297556908
-2.45552036115 -5.99104669443 -13.495568762 -13.4557915156 -0.0640348925138 -0.953589353179 0.294222497516 0.337 0.01 0.135194442244
-2.43155868376 -6.10194133407 -13.4557915156 -13.3774478175 0.422151020659 -0.692904053937 0.58452757659 0.327 0.01 0.134029088172
-2.3818709219 -6.18063457865 -13.3774478175 -13.2695493344 0.322250435812 -0.485820521643 0.812485739795 0.317 0.01 0.132800463837
-2.322058409 -6.26336160784 -13.2695493344 -13.2348615263 0.584223272056 -0.767534205268 0.263769619425 0.307 0.01 0.131507973279
-2.27197643662 -6.32835693057 -13.2348615263 -13.3595629407 0.179284797649 -0.22323292662 -0.958135701143 0.297 0.01 0.130150055176
-2.22252028461 -6.32346624452 -13.3595629407 -13.4562495698 0.587158195285 0.301705026974 -0.751145345727 0.287 0.01 0.128718935249
-2.13517577206 -6.28092462684 -13.4562495698 -13.3912941762 0.779143609935 0.363572444081 0.510637163749 0.277 0.01 0.127204595029
-2.07096744587 -6.19922079075 -13.3912941762 -13.3568010413 0.23333082369 0.932810283957 0.274630116449 0.267 0.01 0.12559851525
-2.03069344574 -6.09963536282 -13.3568010413 -13.2793536054 0.413595825708 0.661947655254 0.625111025867 0.257 0.01 0.123893888797
-1.99466589812 -5.99951219284 -13.2793536054 -13.2571737192 0.170480876448 0.968467863495 0.181676272924 0.247 0.01 0.122084660951
-1.97226939371 -5.88548994111 -13.2571737192 -13.2996673469 0.199563510878 0.913846507317 -0.353636771548 0.237 0.01 0.120161790661
-1.91030282912 -5.80182949683 -13.2996673469 -13.3252266021 0.8462262738 0.486904822064 -0.216390359725 0.227 0.01 0.118116422838
-1.82318254378 -5.80257470057 -13.3252266021 -13.3918816122 0.640724426783 -0.508887918216 -0.574895899809 0.217 0.01 0.115942747302
-1.79334243806 -5.88052319951 -13.3918816122 -13.449428034 -0.128540815599 -0.852663874816 -0.506400607532 0.207 0.01 0.11363813742
-1.80048486793 -5.96142491452 -13.449428034 -13.5397173513 0.00289820391405 -0.583709781529 -0.811957197986 0.197 0.01 0.111199602086
-1.77628943899 -6.00983903207 -13.5397173513 -13.6317332072 0.442574866752 -0.293891839723 -0.847204269266 0.187 0.01 0.108611180532
-1.72037706066 -5.98580911211 -13.6317332072 -13.6590044298 0.602295824642 0.75555795327 -0.25762748081 0.177 0.01 0.105855254699
-1.65718135453 -5.90763526113 -13.6590044298 -13.6879312585 0.608597063272 0.742031123104 -0.28106836699 0.167 0.01 0.102917411408
-1.58227115399 -5.89325534743 -13.6879312585 -13.6784790993 0.873726629224 -0.477104786357 0.0947248659042 0.157 0.01 0.099785406332
-1.51639868812 -5.95663100852 -13.6784790993 -13.7109369673 0.461995279018 -0.820556331716 -0.336522909542 0.147 0.01 0.0964506934586
-1.48329344533 -6.0394428189 -13.7109369673 -13.73702065 0.233086984888 -0.931029254044 -0.280811298902 0.137 0.01 0.0928868702745
-1.46806632003 -6.10914067269 -13.73702065 -13.8081297558 0.0988347634711 -0.594065391728 -0.798321990102 0.127 0.01 0.0890732144659
-1.43264307861 -6.15755941989 -13.8081297558 -13.8461444978 0.729987490704 -0.516781371459 -0.447275393385 0.117 0.01 0.0849918026601
-1.37710669245 -6.20507860155 -13.8461444978 -13.8076275995 0.608124215907 -0.634001694943 0.477730874904 0.107 0.01 0.0806246787634
-1.340347345 -6.25351865895 -13.8076275995 -13.7521710133 0.322404189868 -0.602497385035 0.73010440307 0.097 0.01 0.0759570629746
-1.31380264849 -6.3053851634 -13.7521710133 -13.7230541431 0.403417003681 -0.817667415975 0.410700277568 0.087 0.01 0.0708956672982
-1.32291489529 -6.35608974378 -13.7230541431 -13.7372631746 -0.715614194727 -0.6638832461 -0.217152849053 0.077 0.01 0.0654333181629
-1.35797768123 -6.40050897688 -13.7372631746 -13.7066040017 -0.391403562386 -0.762603482071 0.515013767277 0.067 0.01 0.0595307831597
-1.3937225514 -6.41209160894 -13.7066040017 -13.7047524028 -0.907464887141 0.418678516577 0.0348680134829 0.057 0.01 0.0531030791589
-1.41791740669 -6.40023488119 -13.7047524028 -13.6587186911 -0.00435388156278 0.0321407546897 0.999473869395 0.047 0.01 0.0460579442118
-1.43099040164 -6.41040024355 -13.6587186911 -13.6409172882 -0.677683763937 -0.569695160254 0.46496466584 0.037 0.01 0.0382854960528
-1.44511792611 -6.42197216035 -13.6409172882 -13.6114676475 -0.0781055374267 -0.045071576412 0.995925739211 0.027 0.01 0.0295701170247
-1.43823139381 -6.42733658589 -13.6114676475 -13.6053549891 0.820391266346 -0.479302803394 0.31181243202 0.017 0.01 0.0196036393247
-1.4271152714 -6.4292952095 -13.6053549891 -13.5993552924 0.603506266379 0.537679633127 0.588796058548 0.00700000000001 0.00700000000001 0.0101897704789
